,index,date,temp,precipitation,windspeed,tmax,tmin,month
0,0,1950-01-01,27.90816326530612,7.02,,45.9,27.7,1
1,12,1951-01-01,27.90816326530612,3.724,,36.3,23.5,1
2,24,1952-01-01,27.90816326530612,5.024,,39.7,24.6,1
3,36,1953-01-01,27.90816326530612,4.035,,40.5,26.6,1
4,48,1954-01-01,27.90816326530612,3.122,,36.3,20.5,1
5,60,1955-01-01,27.90816326530612,2.228,,33.3,20.7,1
6,72,1956-01-01,27.90816326530612,2.76,,33.1,22.1,1
7,84,1957-01-01,27.90816326530612,2.035,,29.5,16.5,1
8,96,1958-01-01,27.90816326530612,1.492,,34.2,22.1,1
9,108,1959-01-01,27.90816326530612,4.622,,32.5,15.4,1
10,120,1960-01-01,27.90816326530612,2.339,,37.8,24.8,1
11,132,1961-01-01,27.90816326530612,0.366,,28.4,14.7,1
12,144,1962-01-01,27.90816326530612,2.831,,31.8,16.0,1
13,156,1963-01-01,27.90816326530612,1.063,,25.9,10.0,1
14,168,1964-01-01,27.90816326530612,1.465,,36.5,23.0,1
15,180,1965-01-01,27.90816326530612,4.457,,34.3,19.9,1
16,192,1966-01-01,27.90816326530612,1.531,,28.8,15.1,1
17,204,1967-01-01,27.90816326530612,0.98,,39.6,25.2,1
18,216,1968-01-01,27.90816326530612,3.276,,30.4,15.6,1
19,228,1969-01-01,27.90816326530612,2.854,,32.4,18.5,1
20,240,1970-01-01,27.90816326530612,1.287,,25.3,12.2,1
21,252,1971-01-01,27.90816326530612,1.354,,29.3,13.5,1
22,264,1972-01-01,27.90816326530612,1.961,,35.8,18.9,1
23,276,1973-01-01,30.2,1.63,12.9,37.4,23.2,1
24,288,1974-01-01,27.90816326530612,2.571,,40.5,23.5,1
25,300,1975-01-01,31.8,3.059,13.0,38.3,25.3,1
26,312,1976-01-01,21.9,3.394,13.1,28.8,14.4,1
27,324,1977-01-01,11.5,1.299,12.4,19.4,2.5,1
28,336,1978-01-01,20.7,3.677,13.0,28.2,11.8,1
29,348,1979-01-01,22.3,2.614,12.6,28.8,15.1,1
30,360,1980-01-01,26.1,1.185,12.1,32.4,18.7,1
31,372,1981-01-01,20.7,0.772,11.3,27.0,13.1,1
32,384,1982-01-01,20.1,4.004,14.6,28.9,10.8,1
33,396,1983-01-01,30.6,1.087,11.8,36.7,24.6,1
34,408,1984-01-01,21.4,1.26,11.1,27.1,14.2,1
35,420,1985-01-01,21.4,1.783,12.5,26.4,15.1,1
36,432,1986-01-01,26.6,2.24,12.1,33.3,19.9,1
37,444,1987-01-01,27.9,1.98,9.8,33.8,21.0,1
38,456,1988-01-01,25.9,1.031,11.8,33.8,17.4,1
39,468,1989-01-01,34.9,2.067,11.7,43.5,26.4,1
40,480,1990-01-01,36.1,2.48,12.4,43.0,28.6,1
41,492,1991-01-01,28.2,2.193,10.1,34.3,20.1,1
42,504,1992-01-01,30.7,3.701,10.3,36.5,23.7,1
43,516,1993-01-01,33.1,5.118,11.2,38.5,26.1,1
44,528,1994-01-01,19.8,2.598,11.8,27.0,11.5,1
45,540,1995-01-01,30.6,5.945,11.1,36.9,23.4,1
46,552,1996-01-01,26.1,1.693,12.9,33.1,18.7,1
47,564,1997-01-01,25.3,1.811,13.2,34.2,17.1,1
48,576,1998-01-01,35.2,3.929,9.8,41.0,29.3,1
49,588,1999-01-01,27.3,3.638,12.2,35.1,19.0,1
50,600,2000-01-01,27.0,2.642,11.4,34.3,18.9,1
51,612,2001-01-01,27.9,1.594,9.9,32.9,22.5,1
52,624,2002-01-01,34.9,2.209,11.0,41.2,28.0,1
53,636,2003-01-01,21.4,1.98,11.6,27.0,15.4,1
54,648,2004-01-01,21.9,2.693,11.6,28.9,14.4,1
55,660,2005-01-01,27.7,5.894,10.1,34.2,20.7,1
56,672,2006-01-01,39.0,1.917,13.2,45.7,34.2,1
57,684,2007-01-01,32.9,5.846,14.4,38.5,27.9,1
58,696,2008-01-01,27.90816326530612,3.315,12.4,37.4,22.8,1
59,708,2009-01-01,27.90816326530612,2.665,9.8,26.6,12.2,1
60,720,2010-01-01,27.5,1.693,10.2,32.0,22.3,1
61,732,2011-01-01,24.8,1.929,9.2,29.3,20.3,1
62,744,2012-01-01,34.5,3.228,11.8,40.6,28.8,1
63,756,2013-01-01,30.6,2.165,11.5,37.2,23.5,1
64,768,2014-01-01,21.6,2.008,13.2,28.9,14.7,1
65,780,2015-01-01,24.4,2.937,11.4,31.1,18.5,1
66,792,2016-01-01,30.4,1.378,15.2,36.5,24.3,1
67,804,2017-01-01,33.8,4.791,12.9,39.4,28.6,1
68,816,2018-01-01,27.5,2.283,12.0,34.3,21.2,1
69,828,2019-01-01,27.5,3.189,15.0,34.3,22.3,1
70,840,2020-01-01,36.3,2.992,10.6,42.4,30.2,1
71,852,2021-01-01,33.1,1.677,10.9,36.5,29.8,1
72,864,2022-01-01,26.1,1.665,13.7,31.8,20.1,1
73,876,2023-01-01,37.8,5.362,11.7,42.3,33.4,1
74,888,2024-01-01,32.5,3.406,12.6,37.8,28.9,1
0,1,1950-02-01,30.088,4.646,,36.5,21.9,2
1,13,1951-02-01,30.088,3.795,,37.8,22.1,2
2,25,1952-02-01,30.088,2.193,,39.0,25.3,2
3,37,1953-02-01,30.088,1.224,,41.9,25.3,2
4,49,1954-02-01,30.088,2.89,,44.2,28.4,2
5,61,1955-02-01,30.088,2.693,,38.1,23.5,2
6,73,1956-02-01,30.088,3.224,,38.3,24.3,2
7,85,1957-02-01,30.088,1.406,,39.9,26.1,2
8,97,1958-02-01,30.088,0.969,,29.3,17.2,2
9,109,1959-02-01,30.088,4.236,,37.6,20.5,2
10,121,1960-02-01,30.088,1.874,,35.2,23.9,2
11,133,1961-02-01,30.088,3.232,,40.3,23.0,2
12,145,1962-02-01,30.088,1.858,,33.4,18.5,2
13,157,1963-02-01,30.088,0.732,,27.0,8.1,2
14,169,1964-02-01,30.088,1.5,,32.7,18.1,2
15,181,1965-02-01,30.088,3.004,,37.0,18.9,2
16,193,1966-02-01,30.088,2.323,,33.1,20.3,2
17,205,1967-02-01,30.088,2.362,,33.3,18.5,2
18,217,1968-02-01,30.088,0.795,,30.7,14.4,2
19,229,1969-02-01,30.088,0.752,,33.4,22.3,2
20,241,1970-02-01,30.088,1.354,,34.7,19.8,2
21,253,1971-02-01,30.088,3.693,,34.9,20.8,2
22,265,1972-02-01,30.088,2.024,,33.8,17.6,2
23,277,1973-02-01,28.2,2.406,10.5,34.7,20.8,2
24,289,1974-02-01,28.4,2.441,12.4,34.9,20.7,2
25,301,1975-02-01,30.088,3.205,,36.7,24.1,2
26,313,1976-02-01,35.8,3.98,14.0,45.5,26.4,2
27,325,1977-02-01,25.7,1.39,11.8,33.1,16.7,2
28,337,1978-02-01,16.9,0.484,8.3,26.6,6.8,2
29,349,1979-02-01,19.4,2.74,11.8,27.9,10.2,2
30,361,1980-02-01,22.5,1.268,10.9,28.2,15.4,2
31,373,1981-02-01,31.3,2.728,13.6,39.9,23.0,2
32,385,1982-02-01,25.3,1.409,10.9,32.5,17.8,2
33,397,1983-02-01,33.3,0.78,9.3,41.7,25.9,2
34,409,1984-02-01,34.3,3.823,11.7,42.4,26.4,2
35,421,1985-02-01,25.7,2.606,12.4,33.6,16.9,2
36,433,1986-02-01,28.0,3.087,9.9,35.2,22.3,2
37,445,1987-02-01,30.6,0.492,9.1,38.5,22.3,2
38,457,1988-02-01,26.1,2.843,11.9,34.3,17.2,2
39,469,1989-02-01,26.1,1.736,10.6,32.2,19.9,2
40,481,1990-02-01,34.3,4.764,11.2,42.6,25.7,2
41,493,1991-02-01,32.7,2.311,8.8,40.1,25.3,2
42,505,1992-02-01,34.2,2.362,9.5,39.7,25.7,2
43,517,1993-02-01,25.9,2.48,10.5,33.4,17.6,2
44,529,1994-02-01,25.9,0.866,11.2,35.6,17.2,2
45,541,1995-02-01,27.1,1.969,10.3,35.4,18.5,2
46,553,1996-02-01,28.8,1.575,11.5,35.1,20.3,2
47,565,1997-02-01,34.3,2.992,11.6,41.4,27.5,2
48,577,1998-02-01,37.2,1.89,9.6,44.1,31.1,2
49,589,1999-02-01,34.9,2.358,11.0,42.1,27.3,2
50,601,2000-02-01,34.5,2.059,10.4,42.3,26.2,2
51,613,2001-02-01,32.4,1.638,11.4,39.2,25.0,2
52,625,2002-02-01,34.2,2.433,12.2,42.3,25.7,2
53,637,2003-02-01,24.8,2.748,11.0,31.5,17.6,2
54,649,2004-02-01,30.0,0.768,9.4,37.2,22.3,2
55,661,2005-02-01,31.1,2.075,8.9,37.4,24.4,2
56,673,2006-02-01,31.8,2.803,14.3,37.9,27.0,2
57,685,2007-02-01,30.088,1.413,11.9,25.5,12.0,2
58,697,2008-02-01,27.9,5.543,10.6,35.1,21.7,2
59,709,2009-02-01,32.9,2.728,11.6,40.1,26.6,2
60,721,2010-02-01,27.7,2.717,8.9,30.9,23.9,2
61,733,2011-02-01,29.1,5.236,11.6,36.9,21.2,2
62,745,2012-02-01,36.0,2.244,11.2,41.7,31.3,2
63,757,2013-02-01,28.6,2.283,11.4,34.2,23.4,2
64,769,2014-02-01,22.6,3.031,10.5,30.9,14.2,2
65,781,2015-02-01,15.3,1.866,10.2,23.5,5.4,2
66,793,2016-02-01,33.8,3.228,14.2,40.6,27.9,2
67,805,2017-02-01,39.7,2.689,11.3,47.8,32.5,2
68,817,2018-02-01,35.8,3.252,10.4,44.1,28.0,2
69,829,2019-02-01,32.9,2.48,11.5,40.8,24.8,2
70,841,2020-02-01,33.3,2.323,13.6,39.0,28.6,2
71,853,2021-02-01,28.2,1.362,12.8,32.9,22.8,2
72,865,2022-02-01,31.8,3.35,15.0,38.7,24.6,2
73,877,2023-02-01,37.4,2.764,12.4,44.8,31.3,2
74,889,2024-02-01,39.7,1.236,11.2,46.0,33.6,2
0,2,1950-03-01,38.66938775510204,4.268,,41.5,24.4,3
1,14,1951-03-01,38.66938775510204,4.807,,46.6,29.7,3
2,26,1952-03-01,38.66938775510204,3.287,,44.6,28.8,3
3,38,1953-03-01,38.66938775510204,2.055,,48.0,32.2,3
4,50,1954-03-01,38.66938775510204,6.079,,43.5,26.6,3
5,62,1955-03-01,38.66938775510204,5.587,,48.6,28.4,3
6,74,1956-03-01,38.66938775510204,4.61,,44.2,27.7,3
7,86,1957-03-01,38.66938775510204,1.508,,45.7,30.6,3
8,98,1958-03-01,38.66938775510204,0.783,,40.6,30.4,3
9,110,1959-03-01,38.66938775510204,2.142,,45.3,27.7,3
10,122,1960-03-01,38.66938775510204,2.063,,32.2,15.8,3
11,134,1961-03-01,38.66938775510204,3.205,,48.4,31.5,3
12,146,1962-03-01,38.66938775510204,1.732,,41.2,26.4,3
13,158,1963-03-01,38.66938775510204,2.839,,48.2,29.8,3
14,170,1964-03-01,38.66938775510204,5.213,,45.3,28.8,3
15,182,1965-03-01,38.66938775510204,1.657,,38.5,25.0,3
16,194,1966-03-01,38.66938775510204,2.26,,47.3,28.2,3
17,206,1967-03-01,38.66938775510204,2.083,,44.8,29.5,3
18,218,1968-03-01,38.66938775510204,2.075,,46.6,28.4,3
19,230,1969-03-01,38.66938775510204,1.819,,41.7,26.8,3
20,242,1970-03-01,38.66938775510204,2.327,,40.1,27.3,3
21,254,1971-03-01,38.66938775510204,2.008,,39.2,23.9,3
22,266,1972-03-01,38.66938775510204,2.969,,43.3,26.2,3
23,278,1973-03-01,46.4,3.488,11.3,54.9,38.1,3
24,290,1974-03-01,39.4,3.89,12.6,47.3,31.8,3
25,302,1975-03-01,34.3,3.469,11.8,41.9,27.3,3
26,314,1976-03-01,44.8,3.114,13.9,54.7,35.2,3
27,326,1977-03-01,42.3,4.496,11.6,52.9,32.5,3
28,338,1978-03-01,32.9,2.173,10.3,41.7,23.2,3
29,350,1979-03-01,41.9,2.346,12.2,53.4,32.2,3
30,362,1980-03-01,33.8,3.661,12.4,41.5,25.5,3
31,374,1981-03-01,36.1,1.618,12.2,44.2,27.7,3
32,386,1982-03-01,36.9,3.772,13.1,46.2,27.9,3
33,398,1983-03-01,40.8,3.547,11.2,49.3,32.4,3
34,410,1984-03-01,28.6,3.803,12.5,36.1,20.7,3
35,422,1985-03-01,40.1,4.972,12.9,50.0,30.6,3
36,434,1986-03-01,39.7,2.445,12.7,49.8,29.3,3
37,446,1987-03-01,39.0,3.843,10.2,48.9,29.1,3
38,458,1988-03-01,37.8,2.205,11.1,46.6,28.2,3
39,470,1989-03-01,37.6,3.465,10.5,48.9,27.3,3
40,482,1990-03-01,41.9,0.827,10.3,50.7,33.3,3
41,494,1991-03-01,41.5,4.016,11.7,49.1,32.2,3
42,506,1992-03-01,37.4,3.543,8.3,45.7,27.5,3
43,518,1993-03-01,33.4,3.898,10.4,40.3,27.0,3
44,530,1994-03-01,36.0,1.378,9.9,44.6,28.0,3
45,542,1995-03-01,41.7,2.008,9.1,50.4,29.7,3
46,554,1996-03-01,31.6,1.969,11.4,39.7,21.9,3
47,566,1997-03-01,39.0,3.11,12.6,47.5,30.0,3
48,578,1998-03-01,41.4,3.26,12.1,48.0,34.2,3
49,590,1999-03-01,34.7,1.646,11.5,42.6,25.9,3
50,602,2000-03-01,43.3,1.575,10.7,52.9,33.4,3
51,614,2001-03-01,34.2,2.425,10.3,40.5,27.5,3
52,626,2002-03-01,37.8,4.134,11.7,46.2,28.6,3
53,638,2003-03-01,39.0,2.335,9.6,48.9,28.4,3
54,650,2004-03-01,40.6,4.823,10.4,47.3,33.4,3
55,662,2005-03-01,32.7,1.654,9.9,39.9,25.2,3
56,674,2006-03-01,38.3,1.543,11.9,43.5,33.3,3
57,686,2007-03-01,38.66938775510204,3.709,11.6,48.9,31.3,3
58,698,2008-03-01,38.66938775510204,5.472,10.9,40.6,26.4,3
59,710,2009-03-01,38.66938775510204,3.343,9.9,50.4,28.9,3
60,722,2010-03-01,42.3,1.811,8.6,51.1,33.4,3
61,734,2011-03-01,36.5,3.583,10.3,43.5,29.1,3
62,746,2012-03-01,52.0,3.898,10.3,61.3,41.5,3
63,758,2013-03-01,33.3,2.244,10.9,39.9,27.7,3
64,770,2014-03-01,32.2,2.205,11.4,41.4,23.2,3
65,782,2015-03-01,33.8,1.976,9.9,42.6,25.2,3
66,794,2016-03-01,44.4,4.177,10.3,53.8,35.8,3
67,806,2017-03-01,39.7,4.024,11.9,47.1,31.8,3
68,818,2018-03-01,34.5,4.004,10.7,41.4,27.5,3
69,830,2019-03-01,36.0,3.071,10.6,44.1,27.7,3
70,842,2020-03-01,44.2,5.354,10.0,52.9,35.6,3
71,854,2021-03-01,44.4,1.299,11.1,55.6,33.4,3
72,866,2022-03-01,41.7,3.354,10.8,51.4,32.0,3
73,878,2023-03-01,39.0,3.559,11.0,47.3,32.0,3
74,890,2024-03-01,43.9,2.866,10.4,52.7,35.6,3
0,3,1950-04-01,49.54117647058823,5.909,,52.0,33.8,4
1,15,1951-04-01,49.54117647058823,2.693,,56.7,36.9,4
2,27,1952-04-01,49.54117647058823,3.815,,60.3,39.9,4
3,39,1953-04-01,49.54117647058823,2.827,,54.0,37.0,4
4,51,1954-04-01,49.54117647058823,5.366,,65.5,43.5,4
5,63,1955-04-01,49.54117647058823,3.724,,67.1,44.8,4
6,75,1956-04-01,49.54117647058823,3.614,,55.0,36.7,4
7,87,1957-04-01,49.54117647058823,5.787,,59.2,42.3,4
8,99,1958-04-01,49.54117647058823,3.311,,61.7,41.0,4
9,111,1959-04-01,49.54117647058823,4.701,,59.4,40.1,4
10,123,1960-04-01,49.54117647058823,2.783,,62.6,39.4,4
11,135,1961-04-01,49.54117647058823,6.61,,52.2,34.7,4
12,147,1962-04-01,49.54117647058823,1.78,,57.6,37.2,4
13,159,1963-04-01,49.54117647058823,2.409,,58.5,38.3,4
14,171,1964-04-01,49.54117647058823,4.874,,58.6,39.0,4
15,183,1965-04-01,49.54117647058823,1.839,,55.4,35.8,4
16,195,1966-04-01,49.54117647058823,3.606,,54.5,37.9,4
17,207,1967-04-01,49.54117647058823,3.126,,59.7,39.6,4
18,219,1968-04-01,49.54117647058823,2.252,,60.3,38.7,4
19,231,1969-04-01,49.54117647058823,4.488,,59.7,39.0,4
20,243,1970-04-01,49.54117647058823,2.642,,60.4,39.9,4
21,255,1971-04-01,49.54117647058823,1.24,,53.6,32.7,4
22,267,1972-04-01,49.54117647058823,3.398,,55.8,36.1,4
23,279,1973-04-01,49.54117647058823,3.402,,58.5,41.7,4
24,291,1974-04-01,51.8,3.646,12.7,61.3,41.2,4
25,303,1975-04-01,41.7,1.307,11.2,50.0,33.4,4
26,315,1976-04-01,49.54117647058823,2.169,,59.5,38.7,4
27,327,1977-04-01,49.54117647058823,3.567,,63.0,39.7,4
28,339,1978-04-01,49.54117647058823,3.024,,58.1,35.8,4
29,351,1979-04-01,49.54117647058823,3.098,,56.1,37.0,4
30,363,1980-04-01,49.54117647058823,2.657,,55.8,36.5,4
31,375,1981-04-01,49.54117647058823,4.634,,61.0,40.1,4
32,387,1982-04-01,49.54117647058823,1.618,,55.4,33.6,4
33,399,1983-04-01,49.54117647058823,4.48,,55.6,38.8,4
34,411,1984-04-01,49.54117647058823,2.291,10.9,56.3,37.4,4
35,423,1985-04-01,49.54117647058823,1.386,11.4,64.8,42.6,4
36,435,1986-04-01,49.54117647058823,3.902,9.6,60.6,39.0,4
37,447,1987-04-01,49.54117647058823,2.972,10.3,58.3,39.9,4
38,459,1988-04-01,49.54117647058823,3.476,11.1,57.7,38.1,4
39,471,1989-04-01,49.54117647058823,3.732,9.1,54.7,35.6,4
40,483,1990-04-01,49.54117647058823,4.803,9.8,60.1,38.8,4
41,495,1991-04-01,52.7,5.512,9.2,61.5,43.7,4
42,507,1992-04-01,49.3,3.772,6.3,57.2,38.7,4
43,519,1993-04-01,48.9,2.953,10.4,57.6,37.6,4
44,531,1994-04-01,51.1,3.858,12.1,62.1,38.8,4
45,543,1995-04-01,47.8,4.173,10.8,56.5,36.7,4
46,555,1996-04-01,46.4,4.449,11.6,56.5,36.1,4
47,567,1997-04-01,45.7,2.126,9.4,54.9,35.6,4
48,579,1998-04-01,49.5,6.063,9.5,58.6,39.9,4
49,591,1999-04-01,50.5,3.89,10.6,59.7,40.8,4
50,603,2000-04-01,47.3,3.732,8.9,55.8,38.1,4
51,615,2001-04-01,51.6,2.331,10.2,62.1,40.6,4
52,627,2002-04-01,50.7,3.673,10.2,59.2,41.7,4
53,639,2003-04-01,49.1,2.469,10.9,59.0,38.7,4
54,651,2004-04-01,49.3,3.74,11.2,57.2,40.6,4
55,663,2005-04-01,49.1,5.579,10.8,58.5,38.8,4
56,675,2006-04-01,49.54117647058823,2.457,10.1,61.5,41.4,4
57,687,2007-04-01,49.54117647058823,3.528,12.3,54.9,38.1,4
58,699,2008-04-01,51.6,2.213,9.1,60.6,44.1,4
59,711,2009-04-01,50.9,3.079,10.9,60.1,41.4,4
60,723,2010-04-01,56.1,2.008,9.6,66.7,45.1,4
61,735,2011-04-01,50.0,6.89,11.7,59.0,41.0,4
62,747,2012-04-01,50.7,1.969,9.8,57.4,44.4,4
63,759,2013-04-01,47.3,3.504,11.2,56.1,39.6,4
64,771,2014-04-01,48.2,4.961,11.4,56.5,41.2,4
65,783,2015-04-01,48.6,2.772,10.4,56.7,41.4,4
66,795,2016-04-01,46.2,3.866,10.2,54.1,39.6,4
67,807,2017-04-01,57.0,4.496,10.8,68.2,46.6,4
68,819,2018-04-01,41.5,4.378,9.9,48.6,36.3,4
69,831,2019-04-01,49.3,4.016,11.2,57.0,43.7,4
70,843,2020-04-01,46.8,3.74,12.4,53.8,41.2,4
71,855,2021-04-01,52.9,2.713,11.4,60.1,45.5,4
72,867,2022-04-01,48.0,3.673,12.2,54.9,42.3,4
73,879,2023-04-01,51.6,3.413,10.9,59.0,44.8,4
74,891,2024-04-01,55.2,6.0,11.6,62.8,49.3,4
0,4,1950-05-01,60.03846153846154,3.217,,72.7,48.6,5
1,16,1951-05-01,60.03846153846154,2.602,,72.7,48.9,5
2,28,1952-05-01,60.03846153846154,2.74,,68.2,47.7,5
3,40,1953-05-01,60.03846153846154,4.004,,72.9,50.9,5
4,52,1954-05-01,60.03846153846154,1.047,,68.0,46.8,5
5,64,1955-05-01,60.03846153846154,5.008,,73.8,51.6,5
6,76,1956-05-01,60.03846153846154,5.488,,68.0,47.7,5
7,88,1957-05-01,60.03846153846154,4.602,,68.9,49.3,5
8,100,1958-05-01,60.03846153846154,2.138,,69.6,48.0,5
9,112,1959-05-01,60.03846153846154,4.713,,75.0,53.6,5
10,124,1960-05-01,60.03846153846154,3.563,,66.2,47.5,5
11,136,1961-05-01,60.03846153846154,1.311,,65.5,43.2,5
12,148,1962-05-01,60.03846153846154,1.913,,76.1,53.8,5
13,160,1963-05-01,60.03846153846154,1.0,,65.7,43.7,5
14,172,1964-05-01,60.03846153846154,3.016,,70.7,50.7,5
15,184,1965-05-01,60.03846153846154,2.295,,74.3,52.2,5
16,196,1966-05-01,60.03846153846154,2.209,,64.4,43.9,5
17,208,1967-05-01,60.03846153846154,3.819,,61.0,43.7,5
18,220,1968-05-01,60.03846153846154,4.083,,63.1,45.7,5
19,232,1969-05-01,60.03846153846154,5.732,,69.1,48.0,5
20,244,1970-05-01,60.03846153846154,2.957,,73.8,51.6,5
21,256,1971-05-01,60.03846153846154,3.291,,67.6,45.5,5
22,268,1972-05-01,60.03846153846154,3.748,,68.4,48.9,5
23,280,1973-05-01,56.1,4.799,10.0,64.9,48.4,5
24,292,1974-05-01,56.8,4.776,10.4,66.0,46.8,5
25,304,1975-05-01,63.0,3.24,8.3,72.7,51.8,5
26,316,1976-05-01,55.9,2.937,10.3,65.5,45.1,5
27,328,1977-05-01,62.4,1.02,8.4,74.7,48.9,5
28,340,1978-05-01,59.2,3.008,8.9,69.6,49.1,5
29,352,1979-05-01,57.0,4.772,8.9,68.0,45.7,5
30,364,1980-05-01,59.2,3.126,9.4,69.4,47.5,5
31,376,1981-05-01,56.1,2.193,9.4,65.5,45.9,5
32,388,1982-05-01,65.1,2.65,7.0,76.1,53.6,5
33,400,1983-05-01,55.9,4.177,11.6,66.0,45.3,5
34,412,1984-05-01,54.5,5.957,10.5,63.1,44.8,5
35,424,1985-05-01,61.2,3.453,10.2,72.0,48.7,5
36,436,1986-05-01,61.3,4.346,9.1,70.5,50.9,5
37,448,1987-05-01,63.0,2.402,8.5,74.1,51.6,5
38,460,1988-05-01,60.4,1.331,9.1,71.2,48.0,5
39,472,1989-05-01,57.7,9.142,9.4,66.4,48.6,5
40,484,1990-05-01,56.7,6.26,10.1,66.0,46.6,5
41,496,1991-05-01,67.5,3.24,8.5,77.4,56.5,5
42,508,1992-05-01,59.2,3.008,6.9,68.7,46.9,5
43,520,1993-05-01,60.1,1.693,9.6,70.3,48.0,5
44,532,1994-05-01,55.6,1.457,9.6,66.0,43.3,5
45,544,1995-05-01,60.3,4.291,9.8,69.1,49.6,5
46,556,1996-05-01,57.4,1.969,9.8,65.3,48.2,5
47,568,1997-05-01,53.2,3.78,11.6,62.2,43.5,5
48,580,1998-05-01,64.6,1.925,8.1,73.9,54.7,5
49,592,1999-05-01,61.3,1.547,9.1,72.0,50.0,5
50,604,2000-05-01,61.7,5.465,9.6,71.1,52.0,5
51,616,2001-05-01,60.3,3.839,8.9,69.6,50.5,5
52,628,2002-05-01,55.9,5.783,9.6,65.8,45.1,5
53,640,2003-05-01,58.1,6.496,9.7,66.7,48.9,5
54,652,2004-05-01,62.4,5.902,9.4,73.0,51.3,5
55,664,2005-05-01,55.4,1.437,8.5,65.3,45.1,5
56,676,2006-05-01,59.0,4.543,8.6,68.0,49.6,5
57,688,2007-05-01,62.4,0.661,8.2,72.9,51.1,5
58,700,2008-05-01,57.9,4.177,10.7,64.8,51.6,5
59,712,2009-05-01,61.0,2.35,8.5,68.2,54.0,5
60,724,2010-05-01,64.9,4.055,8.9,73.9,55.8,5
61,736,2011-05-01,60.4,7.756,9.3,67.6,54.5,5
62,748,2012-05-01,64.9,1.457,7.4,75.9,54.1,5
63,760,2013-05-01,62.4,2.362,10.6,70.7,54.5,5
64,772,2014-05-01,60.8,4.213,8.6,70.5,51.3,5
65,784,2015-05-01,64.0,4.098,8.7,72.1,56.8,5
66,796,2016-05-01,60.4,3.319,8.8,67.3,54.3,5
67,808,2017-05-01,58.8,6.094,11.5,64.6,53.4,5
68,820,2018-05-01,64.4,5.72,9.1,72.3,57.6,5
69,832,2019-05-01,59.2,4.134,10.2,67.5,52.2,5
70,844,2020-05-01,58.1,6.929,11.0,65.1,52.3,5
71,856,2021-05-01,60.8,3.398,9.6,67.3,54.1,5
72,868,2022-05-01,64.0,4.303,9.9,71.4,57.6,5
73,880,2023-05-01,57.9,2.657,9.1,64.0,51.6,5
74,892,2024-05-01,66.2,2.362,9.1,72.5,60.4,5
0,5,1950-06-01,69.27307692307691,3.772,,79.3,57.0,6
1,17,1951-06-01,69.27307692307691,3.248,,79.9,58.1,6
2,29,1952-06-01,69.27307692307691,1.48,,84.9,61.5,6
3,41,1953-06-01,69.27307692307691,3.307,,83.3,59.5,6
4,53,1954-06-01,69.27307692307691,1.386,,82.9,61.2,6
5,65,1955-06-01,69.27307692307691,2.681,,79.3,56.5,6
6,77,1956-06-01,69.27307692307691,4.142,,78.6,58.6,6
7,89,1957-06-01,69.27307692307691,5.846,,79.7,60.8,6
8,101,1958-06-01,69.27307692307691,4.669,,74.7,54.0,6
9,113,1959-06-01,69.27307692307691,1.823,,80.1,59.7,6
10,125,1960-06-01,69.27307692307691,3.008,,76.8,54.7,6
11,137,1961-06-01,69.27307692307691,2.949,,76.3,53.6,6
12,149,1962-06-01,69.27307692307691,2.949,,78.1,57.7,6
13,161,1963-06-01,69.27307692307691,1.937,,79.7,55.6,6
14,173,1964-06-01,69.27307692307691,2.063,,78.1,56.8,6
15,185,1965-06-01,69.27307692307691,3.055,,77.2,56.5,6
16,197,1966-06-01,69.27307692307691,1.827,,80.6,57.2,6
17,209,1967-06-01,69.27307692307691,1.173,,82.8,60.6,6
18,221,1968-06-01,69.27307692307691,2.323,,76.8,56.1,6
19,233,1969-06-01,69.27307692307691,4.61,,74.8,56.1,6
20,245,1970-06-01,69.27307692307691,4.98,,79.3,60.3,6
21,257,1971-06-01,69.27307692307691,3.787,,81.0,61.0,6
22,269,1972-06-01,69.27307692307691,9.071,,72.1,53.2,6
23,281,1973-06-01,70.2,6.717,8.6,80.1,60.6,6
24,293,1974-06-01,66.4,3.571,10.2,75.2,57.2,6
25,305,1975-06-01,69.6,4.11,9.6,78.4,61.0,6
26,317,1976-06-01,70.0,3.642,8.9,79.9,59.2,6
27,329,1977-06-01,63.9,4.913,8.6,74.5,52.2,6
28,341,1978-06-01,69.3,3.307,8.9,79.9,58.1,6
29,353,1979-06-01,66.9,3.48,9.6,77.4,56.5,6
30,365,1980-06-01,64.4,2.689,9.4,75.9,52.2,6
31,377,1981-06-01,69.1,4.685,10.4,78.3,57.9,6
32,389,1982-06-01,64.8,5.008,9.0,74.1,54.1,6
33,401,1983-06-01,69.4,3.449,7.8,79.7,58.3,6
34,413,1984-06-01,70.2,3.402,9.6,79.9,59.2,6
35,425,1985-06-01,63.9,2.929,9.0,73.2,52.2,6
36,437,1986-06-01,67.8,2.976,8.9,77.5,57.0,6
37,449,1987-06-01,70.3,7.945,8.5,80.2,60.1,6
38,461,1988-06-01,70.0,0.654,9.4,81.1,56.5,6
39,473,1989-06-01,68.0,5.22,7.1,77.5,59.0,6
40,485,1990-06-01,68.2,1.85,9.7,77.4,57.7,6
41,497,1991-06-01,71.8,1.614,7.8,81.5,60.6,6
42,509,1992-06-01,64.2,1.969,7.6,74.1,54.0,6
43,521,1993-06-01,68.0,5.472,9.4,77.2,58.5,6
44,533,1994-06-01,70.0,3.78,8.8,80.8,58.6,6
45,545,1995-06-01,71.4,3.858,7.8,81.0,61.9,6
46,557,1996-06-01,69.3,3.74,7.9,78.3,60.3,6
47,569,1997-06-01,68.5,3.543,8.5,77.5,58.8,6
48,581,1998-06-01,68.7,2.98,8.5,76.8,60.1,6
49,593,1999-06-01,70.3,1.433,8.5,80.4,59.9,6
50,605,2000-06-01,68.9,5.724,9.3,77.5,59.5,6
51,617,2001-06-01,68.2,3.957,7.3,77.5,58.5,6
52,629,2002-06-01,70.7,0.921,8.1,80.4,60.3,6
53,641,2003-06-01,67.1,3.165,8.1,75.7,57.9,6
54,653,2004-06-01,67.1,2.882,8.5,75.9,57.6,6
55,665,2005-06-01,73.9,1.642,8.5,83.7,63.9,6
56,677,2006-06-01,68.5,4.843,7.6,74.3,62.2,6
57,689,2007-06-01,70.3,1.665,7.5,80.2,59.0,6
58,701,2008-06-01,73.2,5.213,9.8,80.2,66.4,6
59,713,2009-06-01,68.5,2.685,7.1,77.2,59.0,6
60,725,2010-06-01,72.5,4.37,8.3,81.1,63.7,6
61,737,2011-06-01,71.1,2.913,8.8,77.9,64.4,6
62,749,2012-06-01,71.6,2.047,9.3,78.6,64.8,6
63,761,2013-06-01,68.0,7.913,7.9,74.1,62.2,6
64,773,2014-06-01,70.2,6.26,8.0,79.3,61.0,6
65,785,2015-06-01,68.7,8.52,8.8,74.7,63.1,6
66,797,2016-06-01,71.4,2.122,8.6,77.7,65.5,6
67,809,2017-06-01,71.1,5.85,9.4,77.4,64.2,6
68,821,2018-06-01,70.2,3.835,8.5,76.1,64.6,6
69,833,2019-06-01,68.0,8.071,9.3,73.4,62.4,6
70,845,2020-06-01,70.5,2.362,8.8,76.3,64.2,6
71,857,2021-06-01,73.9,2.752,9.2,79.7,68.7,6
72,869,2022-06-01,72.0,1.898,9.9,78.4,65.7,6
73,881,2023-06-01,67.3,3.11,8.6,72.7,62.1,6
74,893,2024-06-01,74.7,3.083,9.6,81.3,68.4,6
0,6,1950-07-01,73.82115384615385,5.157,,82.0,59.9,7
1,18,1951-07-01,73.82115384615385,3.469,,84.9,62.2,7
2,30,1952-07-01,73.82115384615385,1.232,,88.5,64.2,7
3,42,1953-07-01,73.82115384615385,3.083,,86.0,62.6,7
4,54,1954-07-01,73.82115384615385,1.492,,85.8,60.3,7
5,66,1955-07-01,73.82115384615385,2.508,,90.0,68.4,7
6,78,1956-07-01,73.82115384615385,3.748,,80.2,63.1,7
7,90,1957-07-01,73.82115384615385,3.252,,81.3,62.8,7
8,102,1958-07-01,73.82115384615385,4.819,,81.7,65.1,7
9,114,1959-07-01,73.82115384615385,4.323,,83.1,63.5,7
10,126,1960-07-01,73.82115384615385,3.331,,78.4,56.8,7
11,138,1961-07-01,73.82115384615385,4.303,,82.0,60.6,7
12,150,1962-07-01,73.82115384615385,3.425,,79.9,59.0,7
13,162,1963-07-01,73.82115384615385,1.886,,82.4,60.1,7
14,174,1964-07-01,73.82115384615385,3.37,,82.2,62.2,7
15,186,1965-07-01,73.82115384615385,3.012,,79.9,58.1,7
16,198,1966-07-01,73.82115384615385,3.89,,84.0,61.5,7
17,210,1967-07-01,73.82115384615385,1.906,,79.7,59.7,7
18,222,1968-07-01,73.82115384615385,3.587,,80.4,59.5,7
19,234,1969-07-01,73.82115384615385,6.469,,80.8,64.0,7
20,246,1970-07-01,73.82115384615385,4.146,,81.3,62.6,7
21,258,1971-07-01,73.82115384615385,3.72,,79.9,59.2,7
22,270,1972-07-01,73.82115384615385,4.437,,80.6,62.2,7
23,282,1973-07-01,72.7,2.945,8.1,81.5,63.5,7
24,294,1974-07-01,73.0,1.902,8.5,83.3,60.8,7
25,306,1975-07-01,71.6,2.539,7.5,82.2,60.3,7
26,318,1976-07-01,71.8,3.476,8.7,81.7,61.5,7
27,330,1977-07-01,73.4,3.949,9.0,83.5,62.6,7
28,342,1978-07-01,72.3,2.402,8.8,82.2,62.1,7
29,354,1979-07-01,71.2,3.764,8.5,80.8,61.3,7
30,366,1980-07-01,72.7,4.776,9.0,83.3,61.3,7
31,378,1981-07-01,72.0,5.311,8.7,81.1,61.5,7
32,390,1982-07-01,74.3,1.209,8.4,84.0,63.0,7
33,402,1983-07-01,75.4,4.157,9.4,85.6,64.6,7
34,414,1984-07-01,69.4,3.35,7.7,79.5,57.9,7
35,426,1985-07-01,71.8,3.228,8.2,80.8,61.3,7
36,438,1986-07-01,73.8,3.106,8.1,82.6,63.7,7
37,450,1987-07-01,75.4,3.362,7.9,84.6,65.8,7
38,462,1988-07-01,76.3,3.421,7.1,87.8,64.0,7
39,474,1989-07-01,73.0,3.031,6.3,82.6,64.2,7
40,486,1990-07-01,71.6,5.433,8.8,80.2,62.2,7
41,498,1991-07-01,75.4,2.047,8.3,85.3,64.0,7
42,510,1992-07-01,71.4,10.394,8.5,79.2,62.2,7
43,522,1993-07-01,75.0,2.52,8.4,84.6,65.3,7
44,534,1994-07-01,73.2,2.638,8.6,82.8,63.9,7
45,546,1995-07-01,75.6,4.094,8.3,85.1,65.8,7
46,558,1996-07-01,70.5,2.835,8.6,79.0,60.3,7
47,570,1997-07-01,71.4,1.496,7.8,80.1,61.2,7
48,582,1998-07-01,71.6,2.72,7.6,81.0,61.7,7
49,594,1999-07-01,76.5,4.665,8.4,86.4,66.0,7
50,606,2000-07-01,68.4,2.579,7.5,76.8,59.2,7
51,618,2001-07-01,72.1,0.685,8.2,81.7,62.1,7
52,630,2002-07-01,75.6,2.874,8.3,85.1,66.0,7
53,642,2003-07-01,72.7,4.886,7.8,81.5,63.5,7
54,654,2004-07-01,71.6,2.882,8.5,79.5,63.3,7
55,666,2005-07-01,75.4,3.24,7.6,84.6,65.8,7
56,678,2006-07-01,76.3,4.465,8.7,82.0,70.3,7
57,690,2007-07-01,73.9,2.567,7.6,80.2,67.3,7
58,702,2008-07-01,73.9,3.028,7.5,82.8,64.2,7
59,714,2009-07-01,70.3,3.756,7.2,78.4,61.5,7
60,726,2010-07-01,75.9,3.583,6.9,85.6,66.0,7
61,738,2011-07-01,78.1,7.48,6.9,83.7,72.1,7
62,750,2012-07-01,77.7,4.331,8.0,83.5,71.4,7
63,762,2013-07-01,75.0,4.921,7.7,81.9,65.8,7
64,774,2014-07-01,71.2,3.976,8.2,76.5,65.3,7
65,786,2015-07-01,73.2,2.732,7.2,78.8,67.6,7
66,798,2016-07-01,77.2,1.827,8.7,82.9,70.9,7
67,810,2017-07-01,73.9,2.472,7.7,78.6,68.7,7
68,822,2018-07-01,75.4,6.689,7.1,80.6,69.8,7
69,834,2019-07-01,77.0,2.638,8.8,82.8,70.7,7
70,846,2020-07-01,78.4,5.118,8.2,83.8,72.5,7
71,858,2021-07-01,75.2,3.744,8.8,80.2,69.8,7
72,870,2022-07-01,76.5,3.142,8.9,81.7,70.7,7
73,882,2023-07-01,74.7,5.039,7.8,80.2,69.1,7
74,894,2024-07-01,76.8,2.913,8.5,81.9,70.9,7
0,7,1950-08-01,72.1173076923077,1.811,,82.0,59.2,8
1,19,1951-08-01,72.1173076923077,2.429,,81.9,58.8,8
2,31,1952-08-01,72.1173076923077,1.984,,83.5,60.6,8
3,43,1953-08-01,72.1173076923077,3.866,,86.0,61.0,8
4,55,1954-08-01,72.1173076923077,3.157,,81.3,61.2,8
5,67,1955-08-01,72.1173076923077,3.819,,85.6,66.4,8
6,79,1956-08-01,72.1173076923077,5.146,,80.4,63.0,8
7,91,1957-08-01,72.1173076923077,2.311,,80.1,60.4,8
8,103,1958-08-01,72.1173076923077,3.98,,80.2,60.4,8
9,115,1959-08-01,72.1173076923077,1.858,,85.3,66.9,8
10,127,1960-08-01,72.1173076923077,6.953,,80.1,59.5,8
11,139,1961-08-01,72.1173076923077,4.276,,80.8,61.0,8
12,151,1962-08-01,72.1173076923077,1.303,,82.2,57.9,8
13,163,1963-08-01,72.1173076923077,1.705,,76.5,56.8,8
14,175,1964-08-01,72.1173076923077,3.823,,76.3,58.8,8
15,187,1965-08-01,72.1173076923077,3.579,,78.4,58.8,8
16,199,1966-08-01,72.1173076923077,3.484,,79.2,58.5,8
17,211,1967-08-01,72.1173076923077,1.85,,78.8,58.8,8
18,223,1968-08-01,72.1173076923077,1.823,,81.3,62.1,8
19,235,1969-08-01,72.1173076923077,0.528,,83.1,60.4,8
20,247,1970-08-01,72.1173076923077,0.921,,80.4,59.4,8
21,259,1971-08-01,72.1173076923077,0.909,,79.9,57.9,8
22,271,1972-08-01,72.1173076923077,6.386,,78.1,59.7,8
23,283,1973-08-01,73.0,3.11,7.1,82.2,64.2,8
24,295,1974-08-01,70.3,3.295,8.1,80.6,60.3,8
25,307,1975-08-01,72.0,8.957,8.0,81.0,63.7,8
26,319,1976-08-01,68.5,3.508,6.8,78.8,57.9,8
27,331,1977-08-01,69.6,3.921,9.2,78.3,61.0,8
28,343,1978-08-01,72.7,3.583,8.0,82.9,63.0,8
29,355,1979-08-01,70.9,4.469,9.6,80.8,62.2,8
30,367,1980-08-01,73.0,4.382,9.4,81.3,64.9,8
31,379,1981-08-01,70.0,2.618,8.7,79.3,60.6,8
32,391,1982-08-01,68.9,2.661,8.5,78.6,57.2,8
33,403,1983-08-01,74.1,3.154,8.3,83.7,63.7,8
34,415,1984-08-01,70.9,5.516,7.1,79.7,61.3,8
35,427,1985-08-01,68.9,4.016,7.6,78.1,59.5,8
36,439,1986-08-01,69.1,3.583,8.3,78.8,59.0,8
37,451,1987-08-01,70.9,5.512,8.1,79.5,62.1,8
38,463,1988-08-01,74.1,3.346,7.3,84.4,64.0,8
39,475,1989-08-01,71.1,1.22,7.8,80.8,61.2,8
40,487,1990-08-01,70.2,6.024,6.6,78.4,61.2,8
41,499,1991-08-01,72.7,3.189,7.9,83.1,62.1,8
42,511,1992-08-01,67.8,4.488,8.1,77.0,58.3,8
43,523,1993-08-01,73.4,1.85,7.3,83.5,62.8,8
44,535,1994-08-01,69.1,5.118,8.4,78.4,60.3,8
45,547,1995-08-01,77.9,3.228,7.1,86.7,68.7,8
46,559,1996-08-01,71.4,1.378,6.2,81.0,60.6,8
47,571,1997-08-01,67.8,5.26,7.7,76.3,58.8,8
48,583,1998-08-01,72.3,3.02,7.1,81.3,62.8,8
49,595,1999-08-01,69.4,1.803,8.3,77.5,60.6,8
50,607,2000-08-01,69.1,4.724,7.7,77.7,60.1,8
51,619,2001-08-01,72.7,3.315,7.6,81.5,63.7,8
52,631,2002-08-01,73.9,2.004,8.1,83.1,64.2,8
53,643,2003-08-01,73.4,1.961,7.1,82.2,64.0,8
54,655,2004-08-01,68.4,2.465,7.8,76.6,59.5,8
55,667,2005-08-01,74.1,7.61,7.8,82.9,65.1,8
56,679,2006-08-01,74.8,2.213,8.6,81.0,69.1,8
57,691,2007-08-01,73.0,9.035,6.5,80.8,64.8,8
58,703,2008-08-01,71.4,1.437,7.9,80.4,61.7,8
59,715,2009-08-01,72.5,3.524,7.6,80.8,64.2,8
60,727,2010-08-01,74.8,3.701,6.3,83.8,65.8,8
61,739,2011-08-01,72.1,5.945,6.9,81.1,63.1,8
62,751,2012-08-01,72.9,2.835,6.5,79.2,66.0,8
63,763,2013-08-01,70.5,2.795,7.0,80.1,62.1,8
64,775,2014-08-01,70.5,4.606,7.4,79.2,61.7,8
65,787,2015-08-01,72.9,2.846,7.8,78.6,66.9,8
66,799,2016-08-01,77.9,3.508,7.8,84.0,72.1,8
67,811,2017-08-01,72.0,1.252,7.5,77.9,65.8,8
68,823,2018-08-01,75.4,4.902,7.9,83.8,67.3,8
69,835,2019-08-01,73.9,3.228,8.9,79.0,68.4,8
70,847,2020-08-01,74.8,5.63,8.6,80.8,68.7,8
71,859,2021-08-01,77.0,5.244,7.8,82.4,71.1,8
72,871,2022-08-01,75.0,5.299,8.5,80.6,69.3,8
73,883,2023-08-01,72.3,4.996,9.4,77.5,66.9,8
74,895,2024-08-01,74.8,2.35,7.6,80.4,68.7,8
0,8,1950-09-01,65.66153846153847,3.839,,74.3,54.7,9
1,20,1951-09-01,65.66153846153847,4.492,,73.9,52.0,9
2,32,1952-09-01,65.66153846153847,3.028,,77.5,53.6,9
3,44,1953-09-01,65.66153846153847,1.571,,77.9,53.2,9
4,56,1954-09-01,65.66153846153847,1.984,,77.7,57.9,9
5,68,1955-09-01,65.66153846153847,1.61,,78.3,56.1,9
6,80,1956-09-01,65.66153846153847,1.559,,71.1,51.3,9
7,92,1957-09-01,65.66153846153847,2.622,,74.5,55.4,9
8,104,1958-09-01,65.66153846153847,3.626,,73.6,56.1,9
9,116,1959-09-01,65.66153846153847,3.075,,78.4,59.4,9
10,128,1960-09-01,65.66153846153847,1.843,,74.8,55.0,9
11,140,1961-09-01,65.66153846153847,2.358,,78.8,58.3,9
12,152,1962-09-01,65.66153846153847,4.394,,72.1,51.8,9
13,164,1963-09-01,65.66153846153847,1.996,,71.6,48.9,9
14,176,1964-09-01,65.66153846153847,0.74,,73.2,53.8,9
15,188,1965-09-01,65.66153846153847,2.524,,76.8,57.9,9
16,200,1966-09-01,65.66153846153847,1.669,,70.9,50.9,9
17,212,1967-09-01,65.66153846153847,2.075,,73.0,50.2,9
18,224,1968-09-01,65.66153846153847,3.354,,73.6,54.1,9
19,236,1969-09-01,65.66153846153847,4.917,,72.5,54.7,9
20,248,1970-09-01,65.66153846153847,3.161,,76.1,55.9,9
21,260,1971-09-01,65.66153846153847,4.268,,76.6,58.8,9
22,272,1972-09-01,65.66153846153847,4.913,,72.3,55.2,9
23,284,1973-09-01,66.6,2.693,7.6,76.8,55.8,9
24,296,1974-09-01,60.1,3.063,9.3,69.6,50.2,9
25,308,1975-09-01,58.6,3.354,8.7,66.4,50.9,9
26,320,1976-09-01,61.2,3.709,8.7,72.7,49.5,9
27,332,1977-09-01,65.7,2.524,9.3,74.5,56.7,9
28,344,1978-09-01,68.5,3.677,9.0,80.4,58.1,9
29,356,1979-09-01,65.1,3.661,9.1,75.0,54.9,9
30,368,1980-09-01,64.8,3.11,9.6,74.7,54.7,9
31,380,1981-09-01,62.6,6.752,9.7,70.2,54.7,9
32,392,1982-09-01,63.1,4.815,8.5,72.5,52.9,9
33,404,1983-09-01,65.3,2.87,10.1,75.9,54.3,9
34,416,1984-09-01,61.0,2.437,8.8,70.5,51.6,9
35,428,1985-09-01,64.9,2.051,7.8,75.0,54.9,9
36,440,1986-09-01,66.9,6.413,9.2,76.5,57.6,9
37,452,1987-09-01,63.5,2.067,6.6,72.9,54.1,9
38,464,1988-09-01,64.2,1.776,8.8,73.9,54.0,9
39,476,1989-09-01,63.9,4.803,8.3,72.9,55.0,9
40,488,1990-09-01,64.0,8.937,7.8,72.1,54.7,9
41,500,1991-09-01,65.7,3.465,8.5,74.5,54.3,9
42,512,1992-09-01,64.8,1.929,9.0,73.0,53.6,9
43,524,1993-09-01,63.1,6.654,8.3,70.5,53.8,9
44,536,1994-09-01,64.4,2.244,8.3,74.3,53.4,9
45,548,1995-09-01,64.2,1.063,8.3,73.9,52.5,9
46,560,1996-09-01,64.0,11.102,9.4,71.2,56.7,9
47,572,1997-09-01,63.0,4.256,8.6,71.2,54.0,9
48,584,1998-09-01,67.3,1.201,8.1,77.0,57.0,9
49,596,1999-09-01,65.1,1.941,8.1,76.1,54.0,9
50,608,2000-09-01,63.3,3.295,9.5,72.3,54.0,9
51,620,2001-09-01,61.5,3.898,8.6,70.7,52.2,9
52,632,2002-09-01,68.9,3.5,7.8,79.3,58.1,9
53,644,2003-09-01,64.0,6.024,8.3,72.5,54.9,9
54,656,2004-09-01,66.2,3.22,7.9,75.4,56.3,9
55,668,2005-09-01,67.3,3.551,7.6,77.0,57.4,9
56,680,2006-09-01,63.7,3.146,10.3,69.1,57.9,9
57,692,2007-09-01,69.1,2.122,6.6,76.1,62.2,9
58,704,2008-09-01,66.2,3.791,7.3,75.6,56.8,9
59,716,2009-09-01,66.4,3.846,9.1,72.0,60.4,9
60,728,2010-09-01,66.2,2.953,9.4,75.2,57.4,9
61,740,2011-09-01,66.9,8.307,8.5,72.9,61.7,9
62,752,2012-09-01,64.4,7.559,8.1,70.9,57.9,9
63,764,2013-09-01,65.5,1.969,8.1,74.3,55.8,9
64,776,2014-09-01,65.5,4.488,7.1,72.0,58.6,9
65,788,2015-09-01,71.1,4.909,8.1,77.0,64.9,9
66,800,2016-09-01,71.1,5.386,9.4,77.0,64.9,9
67,812,2017-09-01,67.5,0.811,7.1,73.9,61.9,9
68,824,2018-09-01,70.5,4.343,8.0,76.5,64.9,9
69,836,2019-09-01,71.4,1.299,9.7,78.3,64.8,9
70,848,2020-09-01,67.6,5.787,10.3,74.3,60.8,9
71,860,2021-09-01,70.2,3.65,10.9,76.6,64.0,9
72,872,2022-09-01,68.2,5.071,10.2,73.2,62.8,9
73,884,2023-09-01,68.9,0.839,8.6,73.6,63.9,9
74,896,2024-09-01,71.2,2.874,7.5,76.6,65.7,9
0,9,1950-10-01,54.196000000000005,1.728,,67.6,47.7,10
1,21,1951-10-01,54.196000000000005,1.531,,68.5,47.1,10
2,33,1952-10-01,54.196000000000005,0.61,,59.9,38.5,10
3,45,1953-10-01,54.196000000000005,1.287,,70.2,44.6,10
4,57,1954-10-01,54.196000000000005,9.488,,64.4,47.8,10
5,69,1955-10-01,54.196000000000005,5.886,,64.4,45.1,10
6,81,1956-10-01,54.196000000000005,0.854,,69.1,48.2,10
7,93,1957-10-01,54.196000000000005,2.638,,59.7,43.7,10
8,105,1958-10-01,54.196000000000005,1.63,,64.2,46.0,10
9,117,1959-10-01,54.196000000000005,3.567,,62.2,46.2,10
10,129,1960-10-01,54.196000000000005,1.02,,61.9,40.1,10
11,141,1961-10-01,54.196000000000005,2.154,,66.9,46.6,10
12,153,1962-10-01,54.196000000000005,3.598,,64.0,45.0,10
13,165,1963-10-01,54.196000000000005,0.709,,71.2,47.5,10
14,177,1964-10-01,54.196000000000005,1.791,,59.9,38.3,10
15,189,1965-10-01,54.196000000000005,2.547,,60.1,42.4,10
16,201,1966-10-01,54.196000000000005,1.185,,61.0,39.6,10
17,213,1967-10-01,54.196000000000005,2.118,,63.5,44.4,10
18,225,1968-10-01,54.196000000000005,2.906,,61.9,42.3,10
19,237,1969-10-01,54.196000000000005,1.906,,61.0,42.6,10
20,249,1970-10-01,54.196000000000005,3.976,,63.0,45.9,10
21,261,1971-10-01,54.196000000000005,1.61,,69.4,50.4,10
22,273,1972-10-01,54.196000000000005,1.65,,56.8,41.2,10
23,285,1973-10-01,57.6,3.949,8.1,66.9,48.4,10
24,297,1974-10-01,50.9,1.197,9.7,60.6,41.9,10
25,309,1975-10-01,54.0,1.736,9.9,63.9,43.7,10
26,321,1976-10-01,47.8,2.543,10.3,56.7,39.6,10
27,333,1977-10-01,54.196000000000005,1.929,10.4,61.0,44.1,10
28,345,1978-10-01,52.3,3.236,10.1,63.3,43.2,10
29,357,1979-10-01,52.0,1.799,12.1,59.5,45.1,10
30,369,1980-10-01,48.0,2.398,11.1,56.7,39.0,10
31,381,1981-10-01,50.4,2.331,10.5,59.4,40.6,10
32,393,1982-10-01,55.0,0.933,10.0,64.9,45.7,10
33,405,1983-10-01,53.6,4.138,10.5,61.7,45.1,10
34,417,1984-10-01,56.8,2.205,7.0,64.6,47.8,10
35,429,1985-10-01,54.1,3.453,8.8,63.1,44.8,10
36,441,1986-10-01,54.1,2.831,9.2,62.6,46.0,10
37,453,1987-10-01,47.5,3.417,8.3,57.2,37.9,10
38,465,1988-10-01,47.5,2.508,10.7,55.6,38.7,10
39,477,1989-10-01,53.8,3.622,9.1,64.4,43.3,10
40,489,1990-10-01,55.0,5.906,9.9,63.5,43.9,10
41,501,1991-10-01,55.6,2.657,10.1,65.3,46.0,10
42,513,1992-10-01,50.5,2.52,9.4,59.7,39.9,10
43,525,1993-10-01,52.5,3.583,10.0,61.7,41.0,10
44,537,1994-10-01,54.7,1.417,8.3,64.6,44.4,10
45,549,1995-10-01,57.6,4.094,10.5,65.7,46.9,10
46,561,1996-10-01,54.1,4.173,10.5,62.6,45.5,10
47,573,1997-10-01,53.2,1.63,8.9,62.2,43.9,10
48,585,1998-10-01,53.8,2.362,8.3,62.6,44.4,10
49,597,1999-10-01,52.7,3.059,9.8,61.9,43.0,10
50,609,2000-10-01,55.0,3.567,7.5,63.9,45.5,10
51,621,2001-10-01,54.7,5.563,11.7,62.1,46.8,10
52,633,2002-10-01,52.0,1.52,8.5,59.5,44.1,10
53,645,2003-10-01,51.4,2.862,8.8,60.1,42.4,10
54,657,2004-10-01,53.8,2.339,8.6,62.4,44.8,10
55,669,2005-10-01,54.5,2.539,8.5,61.9,46.9,10
56,681,2006-10-01,50.2,5.831,10.8,58.1,42.3,10
57,693,2007-10-01,59.9,2.654,8.6,68.5,51.8,10
58,705,2008-10-01,54.9,2.598,8.9,61.9,48.2,10
59,717,2009-10-01,53.1,3.661,10.5,59.5,47.7,10
60,729,2010-10-01,55.4,2.598,11.2,61.7,49.8,10
61,741,2011-10-01,54.9,5.827,10.4,61.0,49.8,10
62,753,2012-10-01,54.1,10.394,11.2,60.4,45.5,10
63,765,2013-10-01,55.8,0.0,8.5,64.9,46.4,10
64,777,2014-10-01,53.4,2.835,9.4,61.5,45.3,10
65,789,2015-10-01,56.7,2.173,13.0,63.5,50.4,10
66,801,2016-10-01,59.4,2.961,9.6,67.8,50.5,10
67,813,2017-10-01,59.4,3.685,9.1,68.5,50.2,10
68,825,2018-10-01,55.6,3.776,9.8,63.0,47.7,10
69,837,2019-10-01,57.6,3.307,9.4,68.4,47.5,10
70,849,2020-10-01,55.8,7.283,11.5,61.0,50.7,10
71,861,2021-10-01,62.2,5.449,11.1,68.2,56.8,10
72,873,2022-10-01,55.9,3.445,12.5,63.5,48.7,10
73,885,2023-10-01,59.0,4.126,12.2,64.2,54.0,10
0,10,1950-11-01,43.609803921568634,6.449,,45.0,29.8,11
1,22,1951-11-01,43.609803921568634,5.85,,42.8,28.4,11
2,34,1952-11-01,43.609803921568634,2.496,,52.3,35.6,11
3,46,1953-11-01,43.609803921568634,2.327,,52.5,37.8,11
4,58,1954-11-01,43.609803921568634,1.343,,50.0,35.2,11
5,70,1955-11-01,43.609803921568634,2.874,,46.8,30.6,11
6,82,1956-11-01,43.609803921568634,1.15,,51.4,34.0,11
7,94,1957-11-01,43.609803921568634,2.268,,50.4,35.2,11
8,106,1958-11-01,43.609803921568634,4.76,,51.8,37.0,11
9,118,1959-11-01,43.609803921568634,2.961,,47.5,30.7,11
10,130,1960-11-01,43.609803921568634,2.079,,51.3,33.6,11
11,142,1961-11-01,43.609803921568634,2.78,,50.2,34.7,11
12,154,1962-11-01,43.609803921568634,2.772,,49.8,34.9,11
13,166,1963-11-01,43.609803921568634,1.339,,50.4,37.2,11
14,178,1964-11-01,43.609803921568634,0.929,,53.2,35.1,11
15,190,1965-11-01,43.609803921568634,1.89,,51.3,33.6,11
16,202,1966-11-01,43.609803921568634,5.165,,50.5,35.2,11
17,214,1967-11-01,43.609803921568634,2.882,,44.2,33.1,11
18,226,1968-11-01,43.609803921568634,4.35,,49.1,35.6,11
19,238,1969-11-01,43.609803921568634,2.866,,45.5,34.9,11
20,250,1970-11-01,43.609803921568634,3.693,,47.8,35.2,11
21,262,1971-11-01,43.609803921568634,2.016,,49.1,33.6,11
22,274,1972-11-01,43.609803921568634,4.587,,43.9,35.4,11
23,286,1973-11-01,45.0,2.622,11.8,51.6,37.6,11
24,298,1974-11-01,42.8,4.72,11.1,50.2,35.8,11
25,310,1975-11-01,46.9,2.091,11.7,55.4,38.7,11
26,322,1976-11-01,33.4,0.807,10.9,42.6,24.6,11
27,334,1977-11-01,45.3,3.614,11.8,52.7,38.1,11
28,346,1978-11-01,44.2,1.193,10.5,53.2,35.1,11
29,358,1979-11-01,42.4,3.169,12.2,50.7,34.0,11
30,370,1980-11-01,39.6,1.295,12.7,46.6,32.2,11
31,382,1981-11-01,41.7,1.988,9.4,51.6,33.6,11
32,394,1982-11-01,45.3,5.169,12.6,52.9,37.9,11
33,406,1983-11-01,43.5,5.882,11.4,50.9,36.7,11
34,418,1984-11-01,40.6,3.949,11.4,49.1,32.7,11
35,430,1985-11-01,45.7,8.795,11.0,52.3,39.7,11
36,442,1986-11-01,40.5,3.012,10.1,47.1,33.4,11
37,454,1987-11-01,45.9,1.024,11.3,53.8,38.5,11
38,466,1988-11-01,44.1,4.634,12.2,51.8,35.8,11
39,478,1989-11-01,40.8,3.11,11.4,49.5,32.4,11
40,490,1990-11-01,45.9,2.441,9.8,54.3,36.3,11
41,502,1991-11-01,41.2,3.661,11.9,47.3,33.3,11
42,514,1992-11-01,43.0,6.85,10.9,47.8,36.1,11
43,526,1993-11-01,41.9,4.528,10.7,49.3,34.2,11
44,538,1994-11-01,48.2,3.307,12.0,57.0,38.7,11
45,550,1995-11-01,38.7,3.976,12.2,45.1,31.8,11
46,562,1996-11-01,36.5,4.213,9.8,42.1,30.6,11
47,574,1997-11-01,39.6,2.587,10.3,44.4,33.4,11
48,586,1998-11-01,45.1,1.594,10.9,52.0,37.8,11
49,598,1999-11-01,46.0,3.311,10.6,54.7,37.0,11
50,610,2000-11-01,39.9,2.551,10.1,46.4,33.3,11
51,622,2001-11-01,48.9,2.618,10.0,57.4,40.3,11
52,634,2002-11-01,41.5,3.65,11.4,46.8,36.0,11
53,646,2003-11-01,48.0,3.583,10.9,55.6,39.9,11
54,658,2004-11-01,44.6,3.248,9.4,51.8,37.2,11
55,670,2005-11-01,44.8,2.657,13.0,53.1,36.1,11
56,682,2006-11-01,46.4,3.402,9.8,52.5,41.0,11
57,694,2007-11-01,43.2,4.075,13.0,49.1,37.6,11
58,706,2008-11-01,43.3,3.976,12.6,48.2,38.8,11
59,718,2009-11-01,47.8,1.453,8.7,54.9,40.5,11
60,730,2010-11-01,44.2,4.606,10.9,51.4,37.6,11
61,742,2011-11-01,49.5,4.528,12.8,55.8,42.4,11
62,754,2012-11-01,41.9,0.748,7.2,47.8,36.0,11
63,766,2013-11-01,40.3,0.0,12.1,47.1,33.3,11
64,778,2014-11-01,37.0,3.661,12.4,43.9,30.2,11
65,790,2015-11-01,48.6,2.319,10.5,57.0,39.4,11
66,802,2016-11-01,49.5,2.114,13.2,56.7,42.8,11
67,814,2017-11-01,44.1,5.965,13.2,50.7,37.9,11
68,826,2018-11-01,38.7,5.472,10.0,42.8,34.9,11
69,838,2019-11-01,40.3,1.693,10.1,45.3,34.9,11
70,850,2020-11-01,50.4,3.386,14.4,57.0,44.1,11
71,862,2021-11-01,43.7,2.091,14.0,49.6,37.9,11
72,874,2022-11-01,47.3,2.642,13.4,53.8,41.2,11
73,886,2023-11-01,46.4,1.61,12.6,52.2,40.3,11
0,11,1950-12-01,33.123999999999995,2.606,,32.2,18.1,12
1,23,1951-12-01,33.123999999999995,5.602,,38.1,22.6,12
2,35,1952-12-01,33.123999999999995,2.701,,40.3,29.5,12
3,47,1953-12-01,33.123999999999995,2.626,,41.5,26.6,12
4,59,1954-12-01,33.123999999999995,2.335,,37.6,26.4,12
5,71,1955-12-01,33.123999999999995,0.969,,34.5,22.1,12
6,83,1956-12-01,33.123999999999995,2.713,,44.6,31.5,12
7,95,1957-12-01,33.123999999999995,3.382,,43.2,28.9,12
8,107,1958-12-01,33.123999999999995,0.713,,31.3,15.4,12
9,119,1959-12-01,33.123999999999995,2.398,,41.9,30.0,12
10,131,1960-12-01,33.123999999999995,1.091,,30.9,14.9,12
11,143,1961-12-01,33.123999999999995,1.843,,36.7,22.8,12
12,155,1962-12-01,33.123999999999995,3.055,,33.4,18.3,12
13,167,1963-12-01,33.123999999999995,1.055,,27.0,16.9,12
14,179,1964-12-01,33.123999999999995,2.673,,39.0,25.5,12
15,191,1965-12-01,33.123999999999995,2.079,,43.3,31.3,12
16,203,1966-12-01,33.123999999999995,2.839,,36.0,25.0,12
17,215,1967-12-01,33.123999999999995,2.469,,41.0,28.4,12
18,227,1968-12-01,33.123999999999995,3.945,,36.3,23.5,12
19,239,1969-12-01,33.123999999999995,2.472,,32.2,22.1,12
20,251,1970-12-01,33.123999999999995,2.252,,38.5,25.9,12
21,263,1971-12-01,33.123999999999995,3.909,,45.7,30.6,12
22,275,1972-12-01,33.123999999999995,3.268,,39.9,29.1,12
23,287,1973-12-01,34.5,3.535,12.2,39.7,28.9,12
24,299,1974-12-01,31.8,4.858,10.8,36.1,27.1,12
25,311,1975-12-01,32.2,3.772,11.1,37.9,26.1,12
26,323,1976-12-01,23.9,1.575,11.3,32.9,13.6,12
27,335,1977-12-01,29.3,3.52,13.5,37.4,21.0,12
28,347,1978-12-01,33.3,2.961,13.5,41.2,26.1,12
29,359,1979-12-01,33.8,4.012,12.9,40.8,26.4,12
30,371,1980-12-01,28.9,2.102,11.7,35.2,21.7,12
31,383,1981-12-01,30.9,3.449,10.4,35.6,25.5,12
32,395,1982-12-01,40.8,3.689,13.2,47.7,33.3,12
33,407,1983-12-01,23.2,2.929,13.0,29.1,17.2,12
34,419,1984-12-01,36.5,3.39,11.7,44.8,28.0,12
35,431,1985-12-01,24.4,2.626,12.7,31.1,17.6,12
36,443,1986-12-01,32.5,2.831,9.1,37.9,27.1,12
37,455,1987-12-01,34.9,2.957,11.4,40.1,29.3,12
38,467,1988-12-01,31.3,2.484,11.7,38.7,23.7,12
39,479,1989-12-01,19.8,1.614,9.8,26.6,11.7,12
40,491,1990-12-01,37.0,7.598,11.0,44.1,27.1,12
41,503,1991-12-01,35.1,2.26,11.6,42.1,27.5,12
42,515,1992-12-01,34.2,4.764,11.2,40.1,28.0,12
43,527,1993-12-01,31.5,2.126,10.8,36.3,24.6,12
44,539,1994-12-01,37.4,3.346,8.8,44.2,29.7,12
45,551,1995-12-01,26.4,0.906,11.2,32.4,19.8,12
46,563,1996-12-01,34.9,1.417,10.6,41.2,28.2,12
47,575,1997-12-01,33.6,2.417,9.8,38.5,28.2,12
48,587,1998-12-01,37.2,1.925,10.1,44.4,29.5,12
49,599,1999-12-01,34.0,2.709,10.9,40.3,27.1,12
50,611,2000-12-01,22.3,2.764,11.1,28.8,15.8,12
51,623,2001-12-01,37.4,2.535,10.6,43.2,30.9,12
52,635,2002-12-01,30.9,3.713,11.3,36.3,25.2,12
53,647,2003-12-01,33.8,4.008,11.4,38.8,28.2,12
54,659,2004-12-01,31.3,4.472,11.5,38.1,23.9,12
55,671,2005-12-01,27.5,2.039,10.9,32.5,22.1,12
56,683,2006-12-01,38.3,3.52,11.1,44.8,32.0,12
57,695,2007-12-01,33.123999999999995,4.201,10.1,37.8,27.5,12
58,707,2008-12-01,30.4,3.772,12.8,38.8,23.0,12
59,719,2009-12-01,31.8,2.717,10.5,37.8,25.5,12
60,731,2010-12-01,26.6,1.339,11.5,30.7,21.9,12
61,743,2011-12-01,37.2,4.961,9.3,43.5,31.5,12
62,755,2012-12-01,38.3,3.937,9.3,43.7,31.8,12
63,767,2013-12-01,32.2,4.094,10.8,38.7,25.5,12
64,779,2014-12-01,35.6,1.969,10.3,40.6,30.2,12
65,791,2015-12-01,43.7,2.957,10.6,51.3,36.5,12
66,803,2016-12-01,32.4,2.65,12.1,37.8,27.1,12
67,815,2017-12-01,29.1,1.736,10.4,35.4,22.3,12
68,827,2018-12-01,36.5,2.85,9.5,43.0,31.1,12
69,839,2019-12-01,38.3,2.835,10.4,45.1,30.7,12
70,851,2020-12-01,37.2,3.228,14.3,41.7,33.3,12
71,863,2021-12-01,41.9,2.732,12.7,48.4,36.1,12
72,875,2022-12-01,36.1,1.189,12.8,41.5,31.1,12
73,887,2023-12-01,44.1,3.091,11.0,48.7,39.9,12
